[55000, 55000, 55000, 55000, 55000, 55000, 55000, 55000, 55000, 55000, 55000, 55000, 55000, 55000, 55000, 55000, 55000, 55000, 55000]


[-55000, -55000, -55000, -55000, -55000, -55000, -55000, -55000, -55000, -55000, -55000, -55000, -55000, -55000, -55000, -55000, -55000, -55000, -55000]


[55000, 55000, 55000, 55000, 55000, 55000, 55000, 55000, 55000, 55000, 55000, 55000, 55000, 55000, 55000, 55000, 55000, 55000, 55000]


[-55000, -55000, -55000, -55000, -55000, -55000, -55000, -55000, -55000, -55000, -55000, -55000, -55000, -55000, -55000, -55000, -55000, -55000, -55000]
